{
 "cells": [
  {
   "cell_type": "code",
   "execution_count": null,
   "id": "38b3e83d-fefc-43d3-b023-8ac41310bb32",
   "metadata": {
    "tags": []
   },
   "outputs": [],
   "source": [
    "pip install xgboost lightgbm catboost sklego"
   ]
  },
  {
   "cell_type": "code",
   "execution_count": 230,
   "id": "e0c32301-0117-4c14-86de-c05d5a0bcdbc",
   "metadata": {
    "tags": []
   },
   "outputs": [],
   "source": [
    "import pandas as pd\n",
    "import numpy as np\n",
    "import matplotlib.pyplot as plt\n",
    "import seaborn as sns\n",
    "\n",
    "from sklearn.preprocessing import LabelEncoder, OneHotEncoder, StandardScaler\n",
    "from sklearn.pipeline import make_pipeline\n",
    "from sklearn.linear_model import Ridge, RidgeCV, Lasso, LassoCV\n",
    "from sklearn.model_selection import KFold, StratifiedKFold, train_test_split, GridSearchCV, RepeatedKFold, RepeatedStratifiedKFold\n",
    "from sklearn.metrics import mean_squared_error, mean_absolute_error\n",
    "from sklearn.ensemble import RandomForestRegressor, HistGradientBoostingRegressor\n",
    "from sklearn.svm import SVR\n",
    "from lightgbm import LGBMRegressor\n",
    "from xgboost import XGBRegressor\n",
    "from catboost import CatBoostRegressor\n",
    "from sklego.linear_model import LADRegression\n",
    "\n",
    "from sklearn.pipeline import Pipeline\n",
    "from sklearn.pipeline import make_pipeline\n",
    "from sklearn.decomposition import PCA"
   ]
  },
  {
   "cell_type": "code",
   "execution_count": 231,
   "id": "b09e291c-06f0-4197-9bab-b9be0548422d",
   "metadata": {
    "tags": []
   },
   "outputs": [],
   "source": [
    "train = pd.read_csv('train.csv').drop(columns = ['id'])\n",
    "test = pd.read_csv('test.csv').drop(columns = ['id'])\n",
    "sub = pd.read_csv('sample_submission.csv')\n",
    "original = pd.read_csv('original.csv')\n",
    "\n",
    "train = pd.concat([train, original], axis = 0).reset_index(drop = True)"
   ]
  },
  {
   "cell_type": "markdown",
   "id": "d4348f54-c849-487f-b3b8-a9dfcc59d678",
   "metadata": {
    "jp-MarkdownHeadingCollapsed": true,
    "tags": []
   },
   "source": [
    "## Rounding"
   ]
  },
  {
   "cell_type": "code",
   "execution_count": 105,
   "id": "15745234-972f-4e06-9c8a-846a15d326c2",
   "metadata": {
    "tags": []
   },
   "outputs": [],
   "source": [
    "new = pd.read_csv('submissions/Ensemble_submission.csv')"
   ]
  },
  {
   "cell_type": "code",
   "execution_count": 106,
   "id": "3d38b066-da85-4a8e-a0ca-e6fa08426cd5",
   "metadata": {
    "tags": []
   },
   "outputs": [
    {
     "data": {
      "text/html": [
       "<div>\n",
       "<style scoped>\n",
       "    .dataframe tbody tr th:only-of-type {\n",
       "        vertical-align: middle;\n",
       "    }\n",
       "\n",
       "    .dataframe tbody tr th {\n",
       "        vertical-align: top;\n",
       "    }\n",
       "\n",
       "    .dataframe thead th {\n",
       "        text-align: right;\n",
       "    }\n",
       "</style>\n",
       "<table border=\"1\" class=\"dataframe\">\n",
       "  <thead>\n",
       "    <tr style=\"text-align: right;\">\n",
       "      <th></th>\n",
       "      <th>id</th>\n",
       "      <th>Age</th>\n",
       "    </tr>\n",
       "  </thead>\n",
       "  <tbody>\n",
       "    <tr>\n",
       "      <th>0</th>\n",
       "      <td>74051</td>\n",
       "      <td>7.410917</td>\n",
       "    </tr>\n",
       "    <tr>\n",
       "      <th>1</th>\n",
       "      <td>74052</td>\n",
       "      <td>7.895183</td>\n",
       "    </tr>\n",
       "    <tr>\n",
       "      <th>2</th>\n",
       "      <td>74053</td>\n",
       "      <td>10.295785</td>\n",
       "    </tr>\n",
       "    <tr>\n",
       "      <th>3</th>\n",
       "      <td>74054</td>\n",
       "      <td>8.977800</td>\n",
       "    </tr>\n",
       "    <tr>\n",
       "      <th>4</th>\n",
       "      <td>74055</td>\n",
       "      <td>7.188753</td>\n",
       "    </tr>\n",
       "  </tbody>\n",
       "</table>\n",
       "</div>"
      ],
      "text/plain": [
       "      id        Age\n",
       "0  74051   7.410917\n",
       "1  74052   7.895183\n",
       "2  74053  10.295785\n",
       "3  74054   8.977800\n",
       "4  74055   7.188753"
      ]
     },
     "execution_count": 106,
     "metadata": {},
     "output_type": "execute_result"
    }
   ],
   "source": [
    "new.head()"
   ]
  },
  {
   "cell_type": "code",
   "execution_count": 107,
   "id": "cd4dfc34-0e82-47e8-9bc8-a9ca7285b434",
   "metadata": {
    "tags": []
   },
   "outputs": [
    {
     "data": {
      "text/html": [
       "<div>\n",
       "<style scoped>\n",
       "    .dataframe tbody tr th:only-of-type {\n",
       "        vertical-align: middle;\n",
       "    }\n",
       "\n",
       "    .dataframe tbody tr th {\n",
       "        vertical-align: top;\n",
       "    }\n",
       "\n",
       "    .dataframe thead th {\n",
       "        text-align: right;\n",
       "    }\n",
       "</style>\n",
       "<table border=\"1\" class=\"dataframe\">\n",
       "  <thead>\n",
       "    <tr style=\"text-align: right;\">\n",
       "      <th></th>\n",
       "      <th>id</th>\n",
       "      <th>Age</th>\n",
       "    </tr>\n",
       "  </thead>\n",
       "  <tbody>\n",
       "    <tr>\n",
       "      <th>0</th>\n",
       "      <td>74051</td>\n",
       "      <td>7</td>\n",
       "    </tr>\n",
       "    <tr>\n",
       "      <th>1</th>\n",
       "      <td>74052</td>\n",
       "      <td>8</td>\n",
       "    </tr>\n",
       "    <tr>\n",
       "      <th>2</th>\n",
       "      <td>74053</td>\n",
       "      <td>10</td>\n",
       "    </tr>\n",
       "    <tr>\n",
       "      <th>3</th>\n",
       "      <td>74054</td>\n",
       "      <td>9</td>\n",
       "    </tr>\n",
       "    <tr>\n",
       "      <th>4</th>\n",
       "      <td>74055</td>\n",
       "      <td>7</td>\n",
       "    </tr>\n",
       "  </tbody>\n",
       "</table>\n",
       "</div>"
      ],
      "text/plain": [
       "      id  Age\n",
       "0  74051    7\n",
       "1  74052    8\n",
       "2  74053   10\n",
       "3  74054    9\n",
       "4  74055    7"
      ]
     },
     "execution_count": 107,
     "metadata": {},
     "output_type": "execute_result"
    }
   ],
   "source": [
    "new['Age'] = np.round(new['Age']).astype(int)\n",
    "new.head()"
   ]
  },
  {
   "cell_type": "code",
   "execution_count": 108,
   "id": "91cdaa46-7adc-40fd-97ff-06f4635536a0",
   "metadata": {
    "tags": []
   },
   "outputs": [],
   "source": [
    "new.to_csv('submissions/Ensemble_rounded.csv', index = False)"
   ]
  },
  {
   "cell_type": "markdown",
   "id": "948daec5-8cac-4462-bde3-84fb7d18dea2",
   "metadata": {},
   "source": [
    "## Exploratory Data Analysis:"
   ]
  },
  {
   "cell_type": "code",
   "execution_count": 220,
   "id": "cf0c4e5d-462e-42e0-8277-421f524b4539",
   "metadata": {
    "tags": []
   },
   "outputs": [
    {
     "data": {
      "text/html": [
       "<div>\n",
       "<style scoped>\n",
       "    .dataframe tbody tr th:only-of-type {\n",
       "        vertical-align: middle;\n",
       "    }\n",
       "\n",
       "    .dataframe tbody tr th {\n",
       "        vertical-align: top;\n",
       "    }\n",
       "\n",
       "    .dataframe thead th {\n",
       "        text-align: right;\n",
       "    }\n",
       "</style>\n",
       "<table border=\"1\" class=\"dataframe\">\n",
       "  <thead>\n",
       "    <tr style=\"text-align: right;\">\n",
       "      <th></th>\n",
       "      <th>Sex</th>\n",
       "      <th>Length</th>\n",
       "      <th>Diameter</th>\n",
       "      <th>Height</th>\n",
       "      <th>Weight</th>\n",
       "      <th>Shucked Weight</th>\n",
       "      <th>Viscera Weight</th>\n",
       "      <th>Shell Weight</th>\n",
       "      <th>Age</th>\n",
       "    </tr>\n",
       "  </thead>\n",
       "  <tbody>\n",
       "    <tr>\n",
       "      <th>0</th>\n",
       "      <td>I</td>\n",
       "      <td>1.5250</td>\n",
       "      <td>1.1750</td>\n",
       "      <td>0.3750</td>\n",
       "      <td>28.973189</td>\n",
       "      <td>12.728926</td>\n",
       "      <td>6.647958</td>\n",
       "      <td>8.348928</td>\n",
       "      <td>9</td>\n",
       "    </tr>\n",
       "    <tr>\n",
       "      <th>1</th>\n",
       "      <td>I</td>\n",
       "      <td>1.1000</td>\n",
       "      <td>0.8250</td>\n",
       "      <td>0.2750</td>\n",
       "      <td>10.418441</td>\n",
       "      <td>4.521745</td>\n",
       "      <td>2.324659</td>\n",
       "      <td>3.401940</td>\n",
       "      <td>8</td>\n",
       "    </tr>\n",
       "    <tr>\n",
       "      <th>2</th>\n",
       "      <td>M</td>\n",
       "      <td>1.3875</td>\n",
       "      <td>1.1125</td>\n",
       "      <td>0.3750</td>\n",
       "      <td>24.777463</td>\n",
       "      <td>11.339800</td>\n",
       "      <td>5.556502</td>\n",
       "      <td>6.662133</td>\n",
       "      <td>9</td>\n",
       "    </tr>\n",
       "    <tr>\n",
       "      <th>3</th>\n",
       "      <td>F</td>\n",
       "      <td>1.7000</td>\n",
       "      <td>1.4125</td>\n",
       "      <td>0.5000</td>\n",
       "      <td>50.660556</td>\n",
       "      <td>20.354941</td>\n",
       "      <td>10.991839</td>\n",
       "      <td>14.996885</td>\n",
       "      <td>11</td>\n",
       "    </tr>\n",
       "    <tr>\n",
       "      <th>4</th>\n",
       "      <td>I</td>\n",
       "      <td>1.2500</td>\n",
       "      <td>1.0125</td>\n",
       "      <td>0.3375</td>\n",
       "      <td>23.289114</td>\n",
       "      <td>11.977664</td>\n",
       "      <td>4.507570</td>\n",
       "      <td>5.953395</td>\n",
       "      <td>8</td>\n",
       "    </tr>\n",
       "  </tbody>\n",
       "</table>\n",
       "</div>"
      ],
      "text/plain": [
       "  Sex  Length  Diameter  Height     Weight  Shucked Weight  Viscera Weight  \\\n",
       "0   I  1.5250    1.1750  0.3750  28.973189       12.728926        6.647958   \n",
       "1   I  1.1000    0.8250  0.2750  10.418441        4.521745        2.324659   \n",
       "2   M  1.3875    1.1125  0.3750  24.777463       11.339800        5.556502   \n",
       "3   F  1.7000    1.4125  0.5000  50.660556       20.354941       10.991839   \n",
       "4   I  1.2500    1.0125  0.3375  23.289114       11.977664        4.507570   \n",
       "\n",
       "   Shell Weight  Age  \n",
       "0      8.348928    9  \n",
       "1      3.401940    8  \n",
       "2      6.662133    9  \n",
       "3     14.996885   11  \n",
       "4      5.953395    8  "
      ]
     },
     "execution_count": 220,
     "metadata": {},
     "output_type": "execute_result"
    }
   ],
   "source": [
    "train.head()"
   ]
  },
  {
   "cell_type": "code",
   "execution_count": 221,
   "id": "f7b2ad2c-5b75-419a-a1c4-dab83008a5f4",
   "metadata": {
    "tags": []
   },
   "outputs": [
    {
     "data": {
      "text/html": [
       "<div>\n",
       "<style scoped>\n",
       "    .dataframe tbody tr th:only-of-type {\n",
       "        vertical-align: middle;\n",
       "    }\n",
       "\n",
       "    .dataframe tbody tr th {\n",
       "        vertical-align: top;\n",
       "    }\n",
       "\n",
       "    .dataframe thead th {\n",
       "        text-align: right;\n",
       "    }\n",
       "</style>\n",
       "<table border=\"1\" class=\"dataframe\">\n",
       "  <thead>\n",
       "    <tr style=\"text-align: right;\">\n",
       "      <th></th>\n",
       "      <th>Length</th>\n",
       "      <th>Diameter</th>\n",
       "      <th>Height</th>\n",
       "      <th>Weight</th>\n",
       "      <th>Shucked Weight</th>\n",
       "      <th>Viscera Weight</th>\n",
       "      <th>Shell Weight</th>\n",
       "      <th>Age</th>\n",
       "    </tr>\n",
       "  </thead>\n",
       "  <tbody>\n",
       "    <tr>\n",
       "      <th>count</th>\n",
       "      <td>77944.000000</td>\n",
       "      <td>77944.000000</td>\n",
       "      <td>77944.000000</td>\n",
       "      <td>77944.000000</td>\n",
       "      <td>77944.000000</td>\n",
       "      <td>77944.000000</td>\n",
       "      <td>77944.000000</td>\n",
       "      <td>77944.000000</td>\n",
       "    </tr>\n",
       "    <tr>\n",
       "      <th>mean</th>\n",
       "      <td>1.317153</td>\n",
       "      <td>1.024316</td>\n",
       "      <td>0.348154</td>\n",
       "      <td>23.394310</td>\n",
       "      <td>10.109418</td>\n",
       "      <td>5.062290</td>\n",
       "      <td>6.727465</td>\n",
       "      <td>9.967156</td>\n",
       "    </tr>\n",
       "    <tr>\n",
       "      <th>std</th>\n",
       "      <td>0.288404</td>\n",
       "      <td>0.237949</td>\n",
       "      <td>0.092723</td>\n",
       "      <td>12.713088</td>\n",
       "      <td>5.652666</td>\n",
       "      <td>2.809131</td>\n",
       "      <td>3.603159</td>\n",
       "      <td>3.177472</td>\n",
       "    </tr>\n",
       "    <tr>\n",
       "      <th>min</th>\n",
       "      <td>0.187500</td>\n",
       "      <td>0.137500</td>\n",
       "      <td>0.000000</td>\n",
       "      <td>0.056699</td>\n",
       "      <td>0.028349</td>\n",
       "      <td>0.014175</td>\n",
       "      <td>0.042524</td>\n",
       "      <td>1.000000</td>\n",
       "    </tr>\n",
       "    <tr>\n",
       "      <th>25%</th>\n",
       "      <td>1.150000</td>\n",
       "      <td>0.887500</td>\n",
       "      <td>0.287500</td>\n",
       "      <td>13.395139</td>\n",
       "      <td>5.712424</td>\n",
       "      <td>2.849125</td>\n",
       "      <td>3.940580</td>\n",
       "      <td>8.000000</td>\n",
       "    </tr>\n",
       "    <tr>\n",
       "      <th>50%</th>\n",
       "      <td>1.375000</td>\n",
       "      <td>1.075000</td>\n",
       "      <td>0.362500</td>\n",
       "      <td>23.728531</td>\n",
       "      <td>9.879801</td>\n",
       "      <td>4.975337</td>\n",
       "      <td>6.874754</td>\n",
       "      <td>10.000000</td>\n",
       "    </tr>\n",
       "    <tr>\n",
       "      <th>75%</th>\n",
       "      <td>1.537500</td>\n",
       "      <td>1.200000</td>\n",
       "      <td>0.412500</td>\n",
       "      <td>32.162508</td>\n",
       "      <td>14.047177</td>\n",
       "      <td>7.002326</td>\n",
       "      <td>9.086015</td>\n",
       "      <td>11.000000</td>\n",
       "    </tr>\n",
       "    <tr>\n",
       "      <th>max</th>\n",
       "      <td>2.037500</td>\n",
       "      <td>1.625000</td>\n",
       "      <td>2.825000</td>\n",
       "      <td>80.101512</td>\n",
       "      <td>42.184056</td>\n",
       "      <td>21.545620</td>\n",
       "      <td>28.491248</td>\n",
       "      <td>29.000000</td>\n",
       "    </tr>\n",
       "  </tbody>\n",
       "</table>\n",
       "</div>"
      ],
      "text/plain": [
       "             Length      Diameter        Height        Weight  Shucked Weight  \\\n",
       "count  77944.000000  77944.000000  77944.000000  77944.000000    77944.000000   \n",
       "mean       1.317153      1.024316      0.348154     23.394310       10.109418   \n",
       "std        0.288404      0.237949      0.092723     12.713088        5.652666   \n",
       "min        0.187500      0.137500      0.000000      0.056699        0.028349   \n",
       "25%        1.150000      0.887500      0.287500     13.395139        5.712424   \n",
       "50%        1.375000      1.075000      0.362500     23.728531        9.879801   \n",
       "75%        1.537500      1.200000      0.412500     32.162508       14.047177   \n",
       "max        2.037500      1.625000      2.825000     80.101512       42.184056   \n",
       "\n",
       "       Viscera Weight  Shell Weight           Age  \n",
       "count    77944.000000  77944.000000  77944.000000  \n",
       "mean         5.062290      6.727465      9.967156  \n",
       "std          2.809131      3.603159      3.177472  \n",
       "min          0.014175      0.042524      1.000000  \n",
       "25%          2.849125      3.940580      8.000000  \n",
       "50%          4.975337      6.874754     10.000000  \n",
       "75%          7.002326      9.086015     11.000000  \n",
       "max         21.545620     28.491248     29.000000  "
      ]
     },
     "execution_count": 221,
     "metadata": {},
     "output_type": "execute_result"
    }
   ],
   "source": [
    "train.describe()"
   ]
  },
  {
   "cell_type": "code",
   "execution_count": 222,
   "id": "87457cfd-6b2c-434e-ac57-295a7d2f8640",
   "metadata": {
    "tags": []
   },
   "outputs": [
    {
     "name": "stdout",
     "output_type": "stream",
     "text": [
      "(77944, 9)\n",
      "(49368, 8)\n"
     ]
    }
   ],
   "source": [
    "print(train.shape)\n",
    "print(test.shape)"
   ]
  },
  {
   "cell_type": "code",
   "execution_count": 223,
   "id": "a763fcd3-e782-40e0-8524-77d48c804e17",
   "metadata": {
    "tags": []
   },
   "outputs": [
    {
     "name": "stdout",
     "output_type": "stream",
     "text": [
      "Sex               0\n",
      "Length            0\n",
      "Diameter          0\n",
      "Height            0\n",
      "Weight            0\n",
      "Shucked Weight    0\n",
      "Viscera Weight    0\n",
      "Shell Weight      0\n",
      "Age               0\n",
      "dtype: int64\n",
      "\n",
      " Sex               0\n",
      "Length            0\n",
      "Diameter          0\n",
      "Height            0\n",
      "Weight            0\n",
      "Shucked Weight    0\n",
      "Viscera Weight    0\n",
      "Shell Weight      0\n",
      "dtype: int64\n"
     ]
    }
   ],
   "source": [
    "print(train.isna().sum())\n",
    "print('\\n', test.isna().sum())"
   ]
  },
  {
   "cell_type": "code",
   "execution_count": 224,
   "id": "ed68d33f-8b8b-478d-b984-c9ec17aeb587",
   "metadata": {
    "tags": []
   },
   "outputs": [
    {
     "data": {
      "text/html": [
       "<div>\n",
       "<style scoped>\n",
       "    .dataframe tbody tr th:only-of-type {\n",
       "        vertical-align: middle;\n",
       "    }\n",
       "\n",
       "    .dataframe tbody tr th {\n",
       "        vertical-align: top;\n",
       "    }\n",
       "\n",
       "    .dataframe thead th {\n",
       "        text-align: right;\n",
       "    }\n",
       "</style>\n",
       "<table border=\"1\" class=\"dataframe\">\n",
       "  <thead>\n",
       "    <tr style=\"text-align: right;\">\n",
       "      <th></th>\n",
       "      <th>Length</th>\n",
       "      <th>Diameter</th>\n",
       "      <th>Height</th>\n",
       "      <th>Weight</th>\n",
       "      <th>Shucked Weight</th>\n",
       "      <th>Viscera Weight</th>\n",
       "      <th>Shell Weight</th>\n",
       "      <th>Age</th>\n",
       "    </tr>\n",
       "  </thead>\n",
       "  <tbody>\n",
       "    <tr>\n",
       "      <th>Length</th>\n",
       "      <td>1.000000</td>\n",
       "      <td>0.989285</td>\n",
       "      <td>0.912514</td>\n",
       "      <td>0.935655</td>\n",
       "      <td>0.914366</td>\n",
       "      <td>0.916863</td>\n",
       "      <td>0.915757</td>\n",
       "      <td>0.609776</td>\n",
       "    </tr>\n",
       "    <tr>\n",
       "      <th>Diameter</th>\n",
       "      <td>0.989285</td>\n",
       "      <td>1.000000</td>\n",
       "      <td>0.915725</td>\n",
       "      <td>0.937458</td>\n",
       "      <td>0.912876</td>\n",
       "      <td>0.917149</td>\n",
       "      <td>0.921620</td>\n",
       "      <td>0.618737</td>\n",
       "    </tr>\n",
       "    <tr>\n",
       "      <th>Height</th>\n",
       "      <td>0.912514</td>\n",
       "      <td>0.915725</td>\n",
       "      <td>1.000000</td>\n",
       "      <td>0.896341</td>\n",
       "      <td>0.858228</td>\n",
       "      <td>0.877494</td>\n",
       "      <td>0.897728</td>\n",
       "      <td>0.632889</td>\n",
       "    </tr>\n",
       "    <tr>\n",
       "      <th>Weight</th>\n",
       "      <td>0.935655</td>\n",
       "      <td>0.937458</td>\n",
       "      <td>0.896341</td>\n",
       "      <td>1.000000</td>\n",
       "      <td>0.971127</td>\n",
       "      <td>0.970724</td>\n",
       "      <td>0.964912</td>\n",
       "      <td>0.597640</td>\n",
       "    </tr>\n",
       "    <tr>\n",
       "      <th>Shucked Weight</th>\n",
       "      <td>0.914366</td>\n",
       "      <td>0.912876</td>\n",
       "      <td>0.858228</td>\n",
       "      <td>0.971127</td>\n",
       "      <td>1.000000</td>\n",
       "      <td>0.941930</td>\n",
       "      <td>0.908695</td>\n",
       "      <td>0.498437</td>\n",
       "    </tr>\n",
       "    <tr>\n",
       "      <th>Viscera Weight</th>\n",
       "      <td>0.916863</td>\n",
       "      <td>0.917149</td>\n",
       "      <td>0.877494</td>\n",
       "      <td>0.970724</td>\n",
       "      <td>0.941930</td>\n",
       "      <td>1.000000</td>\n",
       "      <td>0.932237</td>\n",
       "      <td>0.572442</td>\n",
       "    </tr>\n",
       "    <tr>\n",
       "      <th>Shell Weight</th>\n",
       "      <td>0.915757</td>\n",
       "      <td>0.921620</td>\n",
       "      <td>0.897728</td>\n",
       "      <td>0.964912</td>\n",
       "      <td>0.908695</td>\n",
       "      <td>0.932237</td>\n",
       "      <td>1.000000</td>\n",
       "      <td>0.661228</td>\n",
       "    </tr>\n",
       "    <tr>\n",
       "      <th>Age</th>\n",
       "      <td>0.609776</td>\n",
       "      <td>0.618737</td>\n",
       "      <td>0.632889</td>\n",
       "      <td>0.597640</td>\n",
       "      <td>0.498437</td>\n",
       "      <td>0.572442</td>\n",
       "      <td>0.661228</td>\n",
       "      <td>1.000000</td>\n",
       "    </tr>\n",
       "  </tbody>\n",
       "</table>\n",
       "</div>"
      ],
      "text/plain": [
       "                  Length  Diameter    Height    Weight  Shucked Weight  \\\n",
       "Length          1.000000  0.989285  0.912514  0.935655        0.914366   \n",
       "Diameter        0.989285  1.000000  0.915725  0.937458        0.912876   \n",
       "Height          0.912514  0.915725  1.000000  0.896341        0.858228   \n",
       "Weight          0.935655  0.937458  0.896341  1.000000        0.971127   \n",
       "Shucked Weight  0.914366  0.912876  0.858228  0.971127        1.000000   \n",
       "Viscera Weight  0.916863  0.917149  0.877494  0.970724        0.941930   \n",
       "Shell Weight    0.915757  0.921620  0.897728  0.964912        0.908695   \n",
       "Age             0.609776  0.618737  0.632889  0.597640        0.498437   \n",
       "\n",
       "                Viscera Weight  Shell Weight       Age  \n",
       "Length                0.916863      0.915757  0.609776  \n",
       "Diameter              0.917149      0.921620  0.618737  \n",
       "Height                0.877494      0.897728  0.632889  \n",
       "Weight                0.970724      0.964912  0.597640  \n",
       "Shucked Weight        0.941930      0.908695  0.498437  \n",
       "Viscera Weight        1.000000      0.932237  0.572442  \n",
       "Shell Weight          0.932237      1.000000  0.661228  \n",
       "Age                   0.572442      0.661228  1.000000  "
      ]
     },
     "execution_count": 224,
     "metadata": {},
     "output_type": "execute_result"
    }
   ],
   "source": [
    "train.drop(columns = ['Sex']).corr()"
   ]
  },
  {
   "cell_type": "code",
   "execution_count": 234,
   "id": "952605ff-6fe6-461b-89db-df392f966b28",
   "metadata": {
    "tags": []
   },
   "outputs": [
    {
     "data": {
      "text/html": [
       "<div>\n",
       "<style scoped>\n",
       "    .dataframe tbody tr th:only-of-type {\n",
       "        vertical-align: middle;\n",
       "    }\n",
       "\n",
       "    .dataframe tbody tr th {\n",
       "        vertical-align: top;\n",
       "    }\n",
       "\n",
       "    .dataframe thead th {\n",
       "        text-align: right;\n",
       "    }\n",
       "</style>\n",
       "<table border=\"1\" class=\"dataframe\">\n",
       "  <thead>\n",
       "    <tr style=\"text-align: right;\">\n",
       "      <th></th>\n",
       "      <th>Length</th>\n",
       "      <th>Diameter</th>\n",
       "      <th>Height</th>\n",
       "      <th>Weight</th>\n",
       "      <th>Shucked Weight</th>\n",
       "      <th>Viscera Weight</th>\n",
       "      <th>Shell Weight</th>\n",
       "      <th>Age</th>\n",
       "      <th>Accounted Weight</th>\n",
       "      <th>Too Heavy</th>\n",
       "      <th>Shucked Weight Perc.</th>\n",
       "      <th>Viscera Weight Perc.</th>\n",
       "      <th>Shell Weight Perc.</th>\n",
       "      <th>New_Weight</th>\n",
       "      <th>Test_Too_Heavy</th>\n",
       "    </tr>\n",
       "  </thead>\n",
       "  <tbody>\n",
       "    <tr>\n",
       "      <th>Length</th>\n",
       "      <td>1.000000</td>\n",
       "      <td>0.989285</td>\n",
       "      <td>0.912514</td>\n",
       "      <td>0.935655</td>\n",
       "      <td>0.917110</td>\n",
       "      <td>0.918365</td>\n",
       "      <td>0.918480</td>\n",
       "      <td>0.609776</td>\n",
       "      <td>0.937980</td>\n",
       "      <td>-0.167066</td>\n",
       "      <td>0.038489</td>\n",
       "      <td>-0.033584</td>\n",
       "      <td>-0.221337</td>\n",
       "      <td>0.938262</td>\n",
       "      <td>NaN</td>\n",
       "    </tr>\n",
       "    <tr>\n",
       "      <th>Diameter</th>\n",
       "      <td>0.989285</td>\n",
       "      <td>1.000000</td>\n",
       "      <td>0.915725</td>\n",
       "      <td>0.937458</td>\n",
       "      <td>0.915860</td>\n",
       "      <td>0.918804</td>\n",
       "      <td>0.924199</td>\n",
       "      <td>0.618737</td>\n",
       "      <td>0.939127</td>\n",
       "      <td>-0.168252</td>\n",
       "      <td>0.029914</td>\n",
       "      <td>-0.036325</td>\n",
       "      <td>-0.208286</td>\n",
       "      <td>0.939522</td>\n",
       "      <td>NaN</td>\n",
       "    </tr>\n",
       "    <tr>\n",
       "      <th>Height</th>\n",
       "      <td>0.912514</td>\n",
       "      <td>0.915725</td>\n",
       "      <td>1.000000</td>\n",
       "      <td>0.896341</td>\n",
       "      <td>0.861686</td>\n",
       "      <td>0.878918</td>\n",
       "      <td>0.898181</td>\n",
       "      <td>0.632889</td>\n",
       "      <td>0.896118</td>\n",
       "      <td>-0.154048</td>\n",
       "      <td>-0.010587</td>\n",
       "      <td>-0.025544</td>\n",
       "      <td>-0.143319</td>\n",
       "      <td>0.896174</td>\n",
       "      <td>NaN</td>\n",
       "    </tr>\n",
       "    <tr>\n",
       "      <th>Weight</th>\n",
       "      <td>0.935655</td>\n",
       "      <td>0.937458</td>\n",
       "      <td>0.896341</td>\n",
       "      <td>1.000000</td>\n",
       "      <td>0.975604</td>\n",
       "      <td>0.974299</td>\n",
       "      <td>0.969635</td>\n",
       "      <td>0.597640</td>\n",
       "      <td>0.993124</td>\n",
       "      <td>-0.178964</td>\n",
       "      <td>0.013171</td>\n",
       "      <td>-0.041191</td>\n",
       "      <td>-0.244397</td>\n",
       "      <td>0.995201</td>\n",
       "      <td>NaN</td>\n",
       "    </tr>\n",
       "    <tr>\n",
       "      <th>Shucked Weight</th>\n",
       "      <td>0.917110</td>\n",
       "      <td>0.915860</td>\n",
       "      <td>0.861686</td>\n",
       "      <td>0.975604</td>\n",
       "      <td>1.000000</td>\n",
       "      <td>0.947618</td>\n",
       "      <td>0.917420</td>\n",
       "      <td>0.507661</td>\n",
       "      <td>0.982186</td>\n",
       "      <td>-0.176644</td>\n",
       "      <td>0.119536</td>\n",
       "      <td>-0.053743</td>\n",
       "      <td>-0.316980</td>\n",
       "      <td>0.984493</td>\n",
       "      <td>NaN</td>\n",
       "    </tr>\n",
       "    <tr>\n",
       "      <th>Viscera Weight</th>\n",
       "      <td>0.918365</td>\n",
       "      <td>0.918804</td>\n",
       "      <td>0.878918</td>\n",
       "      <td>0.974299</td>\n",
       "      <td>0.947618</td>\n",
       "      <td>1.000000</td>\n",
       "      <td>0.938606</td>\n",
       "      <td>0.575424</td>\n",
       "      <td>0.976275</td>\n",
       "      <td>-0.176179</td>\n",
       "      <td>0.002420</td>\n",
       "      <td>0.114205</td>\n",
       "      <td>-0.254502</td>\n",
       "      <td>0.978455</td>\n",
       "      <td>NaN</td>\n",
       "    </tr>\n",
       "    <tr>\n",
       "      <th>Shell Weight</th>\n",
       "      <td>0.918480</td>\n",
       "      <td>0.924199</td>\n",
       "      <td>0.898181</td>\n",
       "      <td>0.969635</td>\n",
       "      <td>0.917420</td>\n",
       "      <td>0.938606</td>\n",
       "      <td>1.000000</td>\n",
       "      <td>0.657555</td>\n",
       "      <td>0.966635</td>\n",
       "      <td>-0.174814</td>\n",
       "      <td>-0.049370</td>\n",
       "      <td>-0.056996</td>\n",
       "      <td>-0.075146</td>\n",
       "      <td>0.968212</td>\n",
       "      <td>NaN</td>\n",
       "    </tr>\n",
       "    <tr>\n",
       "      <th>Age</th>\n",
       "      <td>0.609776</td>\n",
       "      <td>0.618737</td>\n",
       "      <td>0.632889</td>\n",
       "      <td>0.597640</td>\n",
       "      <td>0.507661</td>\n",
       "      <td>0.575424</td>\n",
       "      <td>0.657555</td>\n",
       "      <td>1.000000</td>\n",
       "      <td>0.578228</td>\n",
       "      <td>-0.140768</td>\n",
       "      <td>-0.187655</td>\n",
       "      <td>-0.048309</td>\n",
       "      <td>0.092222</td>\n",
       "      <td>0.581050</td>\n",
       "      <td>NaN</td>\n",
       "    </tr>\n",
       "    <tr>\n",
       "      <th>Accounted Weight</th>\n",
       "      <td>0.937980</td>\n",
       "      <td>0.939127</td>\n",
       "      <td>0.896118</td>\n",
       "      <td>0.993124</td>\n",
       "      <td>0.982186</td>\n",
       "      <td>0.976275</td>\n",
       "      <td>0.966635</td>\n",
       "      <td>0.578228</td>\n",
       "      <td>1.000000</td>\n",
       "      <td>-0.128983</td>\n",
       "      <td>0.067438</td>\n",
       "      <td>-0.002146</td>\n",
       "      <td>-0.220911</td>\n",
       "      <td>0.997895</td>\n",
       "      <td>NaN</td>\n",
       "    </tr>\n",
       "    <tr>\n",
       "      <th>Too Heavy</th>\n",
       "      <td>-0.167066</td>\n",
       "      <td>-0.168252</td>\n",
       "      <td>-0.154048</td>\n",
       "      <td>-0.178964</td>\n",
       "      <td>-0.176644</td>\n",
       "      <td>-0.176179</td>\n",
       "      <td>-0.174814</td>\n",
       "      <td>-0.140768</td>\n",
       "      <td>-0.128983</td>\n",
       "      <td>1.000000</td>\n",
       "      <td>0.255409</td>\n",
       "      <td>0.316049</td>\n",
       "      <td>0.289517</td>\n",
       "      <td>-0.179908</td>\n",
       "      <td>NaN</td>\n",
       "    </tr>\n",
       "    <tr>\n",
       "      <th>Shucked Weight Perc.</th>\n",
       "      <td>0.038489</td>\n",
       "      <td>0.029914</td>\n",
       "      <td>-0.010587</td>\n",
       "      <td>0.013171</td>\n",
       "      <td>0.119536</td>\n",
       "      <td>0.002420</td>\n",
       "      <td>-0.049370</td>\n",
       "      <td>-0.187655</td>\n",
       "      <td>0.067438</td>\n",
       "      <td>0.255409</td>\n",
       "      <td>1.000000</td>\n",
       "      <td>-0.001408</td>\n",
       "      <td>-0.168364</td>\n",
       "      <td>0.042532</td>\n",
       "      <td>NaN</td>\n",
       "    </tr>\n",
       "    <tr>\n",
       "      <th>Viscera Weight Perc.</th>\n",
       "      <td>-0.033584</td>\n",
       "      <td>-0.036325</td>\n",
       "      <td>-0.025544</td>\n",
       "      <td>-0.041191</td>\n",
       "      <td>-0.053743</td>\n",
       "      <td>0.114205</td>\n",
       "      <td>-0.056996</td>\n",
       "      <td>-0.048309</td>\n",
       "      <td>-0.002146</td>\n",
       "      <td>0.316049</td>\n",
       "      <td>-0.001408</td>\n",
       "      <td>1.000000</td>\n",
       "      <td>0.087160</td>\n",
       "      <td>-0.015906</td>\n",
       "      <td>NaN</td>\n",
       "    </tr>\n",
       "    <tr>\n",
       "      <th>Shell Weight Perc.</th>\n",
       "      <td>-0.221337</td>\n",
       "      <td>-0.208286</td>\n",
       "      <td>-0.143319</td>\n",
       "      <td>-0.244397</td>\n",
       "      <td>-0.316980</td>\n",
       "      <td>-0.254502</td>\n",
       "      <td>-0.075146</td>\n",
       "      <td>0.092222</td>\n",
       "      <td>-0.220911</td>\n",
       "      <td>0.289517</td>\n",
       "      <td>-0.168364</td>\n",
       "      <td>0.087160</td>\n",
       "      <td>1.000000</td>\n",
       "      <td>-0.235053</td>\n",
       "      <td>NaN</td>\n",
       "    </tr>\n",
       "    <tr>\n",
       "      <th>New_Weight</th>\n",
       "      <td>0.938262</td>\n",
       "      <td>0.939522</td>\n",
       "      <td>0.896174</td>\n",
       "      <td>0.995201</td>\n",
       "      <td>0.984493</td>\n",
       "      <td>0.978455</td>\n",
       "      <td>0.968212</td>\n",
       "      <td>0.581050</td>\n",
       "      <td>0.997895</td>\n",
       "      <td>-0.179908</td>\n",
       "      <td>0.042532</td>\n",
       "      <td>-0.015906</td>\n",
       "      <td>-0.235053</td>\n",
       "      <td>1.000000</td>\n",
       "      <td>NaN</td>\n",
       "    </tr>\n",
       "    <tr>\n",
       "      <th>Test_Too_Heavy</th>\n",
       "      <td>NaN</td>\n",
       "      <td>NaN</td>\n",
       "      <td>NaN</td>\n",
       "      <td>NaN</td>\n",
       "      <td>NaN</td>\n",
       "      <td>NaN</td>\n",
       "      <td>NaN</td>\n",
       "      <td>NaN</td>\n",
       "      <td>NaN</td>\n",
       "      <td>NaN</td>\n",
       "      <td>NaN</td>\n",
       "      <td>NaN</td>\n",
       "      <td>NaN</td>\n",
       "      <td>NaN</td>\n",
       "      <td>NaN</td>\n",
       "    </tr>\n",
       "  </tbody>\n",
       "</table>\n",
       "</div>"
      ],
      "text/plain": [
       "                        Length  Diameter    Height    Weight  Shucked Weight  \\\n",
       "Length                1.000000  0.989285  0.912514  0.935655        0.917110   \n",
       "Diameter              0.989285  1.000000  0.915725  0.937458        0.915860   \n",
       "Height                0.912514  0.915725  1.000000  0.896341        0.861686   \n",
       "Weight                0.935655  0.937458  0.896341  1.000000        0.975604   \n",
       "Shucked Weight        0.917110  0.915860  0.861686  0.975604        1.000000   \n",
       "Viscera Weight        0.918365  0.918804  0.878918  0.974299        0.947618   \n",
       "Shell Weight          0.918480  0.924199  0.898181  0.969635        0.917420   \n",
       "Age                   0.609776  0.618737  0.632889  0.597640        0.507661   \n",
       "Accounted Weight      0.937980  0.939127  0.896118  0.993124        0.982186   \n",
       "Too Heavy            -0.167066 -0.168252 -0.154048 -0.178964       -0.176644   \n",
       "Shucked Weight Perc.  0.038489  0.029914 -0.010587  0.013171        0.119536   \n",
       "Viscera Weight Perc. -0.033584 -0.036325 -0.025544 -0.041191       -0.053743   \n",
       "Shell Weight Perc.   -0.221337 -0.208286 -0.143319 -0.244397       -0.316980   \n",
       "New_Weight            0.938262  0.939522  0.896174  0.995201        0.984493   \n",
       "Test_Too_Heavy             NaN       NaN       NaN       NaN             NaN   \n",
       "\n",
       "                      Viscera Weight  Shell Weight       Age  \\\n",
       "Length                      0.918365      0.918480  0.609776   \n",
       "Diameter                    0.918804      0.924199  0.618737   \n",
       "Height                      0.878918      0.898181  0.632889   \n",
       "Weight                      0.974299      0.969635  0.597640   \n",
       "Shucked Weight              0.947618      0.917420  0.507661   \n",
       "Viscera Weight              1.000000      0.938606  0.575424   \n",
       "Shell Weight                0.938606      1.000000  0.657555   \n",
       "Age                         0.575424      0.657555  1.000000   \n",
       "Accounted Weight            0.976275      0.966635  0.578228   \n",
       "Too Heavy                  -0.176179     -0.174814 -0.140768   \n",
       "Shucked Weight Perc.        0.002420     -0.049370 -0.187655   \n",
       "Viscera Weight Perc.        0.114205     -0.056996 -0.048309   \n",
       "Shell Weight Perc.         -0.254502     -0.075146  0.092222   \n",
       "New_Weight                  0.978455      0.968212  0.581050   \n",
       "Test_Too_Heavy                   NaN           NaN       NaN   \n",
       "\n",
       "                      Accounted Weight  Too Heavy  Shucked Weight Perc.  \\\n",
       "Length                        0.937980  -0.167066              0.038489   \n",
       "Diameter                      0.939127  -0.168252              0.029914   \n",
       "Height                        0.896118  -0.154048             -0.010587   \n",
       "Weight                        0.993124  -0.178964              0.013171   \n",
       "Shucked Weight                0.982186  -0.176644              0.119536   \n",
       "Viscera Weight                0.976275  -0.176179              0.002420   \n",
       "Shell Weight                  0.966635  -0.174814             -0.049370   \n",
       "Age                           0.578228  -0.140768             -0.187655   \n",
       "Accounted Weight              1.000000  -0.128983              0.067438   \n",
       "Too Heavy                    -0.128983   1.000000              0.255409   \n",
       "Shucked Weight Perc.          0.067438   0.255409              1.000000   \n",
       "Viscera Weight Perc.         -0.002146   0.316049             -0.001408   \n",
       "Shell Weight Perc.           -0.220911   0.289517             -0.168364   \n",
       "New_Weight                    0.997895  -0.179908              0.042532   \n",
       "Test_Too_Heavy                     NaN        NaN                   NaN   \n",
       "\n",
       "                      Viscera Weight Perc.  Shell Weight Perc.  New_Weight  \\\n",
       "Length                           -0.033584           -0.221337    0.938262   \n",
       "Diameter                         -0.036325           -0.208286    0.939522   \n",
       "Height                           -0.025544           -0.143319    0.896174   \n",
       "Weight                           -0.041191           -0.244397    0.995201   \n",
       "Shucked Weight                   -0.053743           -0.316980    0.984493   \n",
       "Viscera Weight                    0.114205           -0.254502    0.978455   \n",
       "Shell Weight                     -0.056996           -0.075146    0.968212   \n",
       "Age                              -0.048309            0.092222    0.581050   \n",
       "Accounted Weight                 -0.002146           -0.220911    0.997895   \n",
       "Too Heavy                         0.316049            0.289517   -0.179908   \n",
       "Shucked Weight Perc.             -0.001408           -0.168364    0.042532   \n",
       "Viscera Weight Perc.              1.000000            0.087160   -0.015906   \n",
       "Shell Weight Perc.                0.087160            1.000000   -0.235053   \n",
       "New_Weight                       -0.015906           -0.235053    1.000000   \n",
